Silhouette index for each cluster:
0 : 7, -0.6867845773435833 0.037885283623015575 0.1442857842655162 0.19822882514981766 0.26306167654242807 0.2637509002786412 0.3666883272218399 
1 : 6, -0.08228613859475747 -0.04615924080800701 -0.0020733374184601847 0.10241151514664808 0.1038780887856079 0.12948320607511377 
2 : 52, 0.12785972783210448 0.169071236628652 0.219627760594145 0.23250736618917614 0.2430841185429074 0.2508283130652701 0.27039073024094856 0.2891246084292567 0.3006858488072235 0.31144598327205947 0.4946816312263427 0.4978734449212262 0.5020262296282846 0.506032698208806 0.5099494316610657 0.5116895883805004 0.5191320312533045 0.5201393795989389 0.5274440314630321 0.5293708198869286 0.529833136128598 0.5320515575154583 0.5348915528726884 0.5391773201844718 0.5424471268735546 0.5432076075748467 0.546612362519801 0.5488031320976027 0.5500173887417551 0.5518093843375628 0.5527633279150745 0.5560333332427494 0.5589838859900085 0.5643828510735684 0.5657857716489645 0.5662429375081536 0.5664147557741359 0.569037152688817 0.5692036233915357 0.5753997078986658 0.5768318541027423 0.5770139355811233 0.5776190723173962 0.5805895755749801 0.581254486547569 0.5820916704214034 0.582248009846317 0.5838380533157665 0.58976304685432 0.5921985783665223 0.6005490363030386 0.6115894602360437 
3 : 6, 0.18633409184357347 0.19424459870369765 0.2525857599461511 0.29035256347250266 0.36082295324964614 0.4003623488347948 
4 : 6, -0.19725356197090302 -0.06331743026844472 -0.020037965918127527 0.26830541018975035 0.27399320831560264 0.3006524267362707 
5 : 9, -0.04856637911155748 0.003941426294711779 0.20626431776479545 0.22721665974762253 0.22970607967886034 0.23477523080420143 0.23929468563259965 0.25772407705461725 0.29121882865245363 
6 : 3, -0.0018053792076788125 0.18923647916766034 0.26111800711632716 
7 : 2, 0.045752839102177936 0.1267502547775334 
8 : 4, -0.20606653823727938 0.32904898798966 0.4062647751550119 0.4323944522651616 
9 : 8, 0.07545104453910595 0.107978803680356 0.12227704232477206 0.12393882152312304 0.16446649804047683 0.1697253373569085 0.187533411483823 0.20936534775422558 
10 : 2, -0.17171820746527786 -0.11981612714323872 
11 : 6, -0.12697464157064736 -0.11342720971802 -0.10511241073916833 -0.10301590299310416 0.04909265077337904 0.11969910732363967 
12 : 6, -0.0418166136095708 0.125136967243068 0.42027275778205725 0.44701453028508104 0.47057260404161655 0.50161189730652 
13 : 7, -0.08583382140814665 0.128211816984851 0.20463903926067453 0.24238416678676925 0.2644236212564151 0.2710525724726953 0.2841912474755937 
14 : 2, -0.0013446635327055475 0.04808119570450882 
15 : 9, 0.2830006212551389 0.6215328667256823 0.630912903754515 0.6351975137513904 0.6425196140853685 0.6445964919875873 0.6531157037548875 0.6742089812954795 0.6783534215308642 
16 : 16, 0.552571755710382 0.6905117429814771 0.6919109138014868 0.6972498025376022 0.7026929873849986 0.7042434454844193 0.7168433100703915 0.7198093606221964 0.7257320492980778 0.7278442808763109 0.7299975623560934 0.7373785267556053 0.7375840361550461 0.7392385309195173 0.7396511679282145 0.7422415796506612 
17 : 13, 0.6400453007580802 0.6507109142574363 0.6606289490939298 0.6636680560023478 0.676314980629198 0.6768658694314394 0.6792925031394142 0.6817302190509981 0.6822657091006175 0.6832605289411177 0.6852513612724449 0.7061227060924216 0.7195046579047313 
18 : 5, -0.07582923999065229 -0.019166593016949812 0.05872440693297641 0.15927934104017083 0.21189533450898523 
19 : 5, -0.470600728567936 0.05128882028989122 0.11728955569628643 0.29361491026596825 0.3402930625173763 
20 : 4, -0.0229487576077582 0.05570589135629614 0.1254034510158238 0.16965605500066885 
21 : 8, 0.09460108139747542 0.12128871199670345 0.20764565158401596 0.20824704391850812 0.25122762640378093 0.32440615418111246 0.35174033163193663 0.36129809112302186 
22 : 3, -0.011614313136303334 0.3621603939595147 0.41680448835611633 
23 : 4, -0.417009067513424 -0.40515348702827275 -0.022541532287308375 0.09737421853114261 
24 : 2, -0.1650904925945306 -0.1183392605627394 
25 : 3, 0.009601718516430519 0.3892946338242422 0.4417042258909661 
26 : 7, 0.16645453887007358 0.3885338320757784 0.4382211708430986 0.486943674214269 0.49324055632232094 0.5167827808913853 0.6071030085571303 
27 : 6, 0.29212635203368126 0.31742083682215944 0.40848816835058654 0.4278606327130951 0.42904650744686096 0.45080437821552155 
28 : 3, 0.609225492029324 0.6139624779962077 0.654428058378485 
29 : 2, 0.043603058951811505 0.2044603673635053 
30 : 16, 0.6534039119482038 0.6703019264172929 0.6889884219740262 0.6964966895290282 0.6978783429874592 0.7030350940351358 0.7107835726053959 0.7203262787449123 0.7210160852954491 0.7211049702114329 0.7259586735758546 0.726328131251279 0.7278526879712285 0.7351295014664024 0.7492284790581815 0.7553314894995065 
31 : 3, 0.28583028025861346 0.5471629463760906 0.615645244685225 
32 : 6, 0.6049520107096307 0.6194826898690231 0.6881834270491581 0.6889970835731677 0.7254850103267739 0.7610213606039471 
33 : 4, 0.7079423112311598 0.7171686852923362 0.7294171611718454 0.7355626161448918 
34 : 8, 0.6365434047500887 0.6653193599916389 0.6806462278150934 0.6835660223030887 0.6946335261138595 0.7257947150940178 0.7289011379687994 0.7415195322888908 
35 : 19, -0.016491794764534627 -0.0060413923719342694 -0.004046837818701913 0.00821768834267791 0.010350705423144138 0.02781141014232059 0.02947005447834409 0.03380565262631538 0.11997505294620413 0.26685099129515083 0.4798178285721174 0.4814950830519333 0.5297531865991914 0.6618032615092683 0.6669442558497661 0.6809875495453335 0.6877980559462297 0.6968310560446878 0.7090956598297559 
36 : 3, 0.6743876423710011 0.7182499844797906 0.737120486290716 
37 : 13, -0.029948810665082898 -0.02577279243065444 0.01599644801471353 0.048404364961718176 0.6890818740994948 0.6964401832065007 0.6996998670824783 0.7024589598786962 0.7134298753803126 0.7189149376478955 0.7207011086659608 0.7238688073642271 0.7263697869349228 
38 : 19, 0.631213058135044 0.6509813734070898 0.661144969018376 0.6635125601183729 0.6656096138698557 0.6861414973149715 0.6891211754935685 0.6934940712554946 0.6936960327941426 0.703496185721127 0.7062112236973456 0.7162304477149488 0.7216199151336938 0.7373387313849905 0.741830125270617 0.7433433907065097 0.7439804755648451 0.7443986589070344 0.7473447455200126 
39 : 5, -0.15521761979400364 0.07361873663230263 0.17640567080801445 0.21087148606704323 0.22733477495923668 
40 : 6, 0.7108653390110632 0.7111785512093176 0.7175057063560646 0.72733973541561 0.7306946212984836 0.7387591400460384 
41 : 6, 0.7293360620453587 0.734060713424686 0.7457100417445787 0.7479917772656335 0.7487649439843037 0.7504279756681721 
42 : 4, -0.08441160292195075 0.13662650677829422 0.17000133981564594 0.1910040008263223 
43 : 9, 0.701814559702537 0.7153425256701834 0.7167694095942149 0.7202741563592212 0.7262950606396519 0.7297698296050912 0.7304570798436767 0.7323998927775852 0.7387763239241232 
44 : 5, 0.6574206575859893 0.69393317552684 0.704923741210968 0.7174599816438183 0.7477549052765341 
45 : 7, -0.05013642476827843 0.7170800903226068 0.7185018455078167 0.7304577347201251 0.7435155395851902 0.7597596025197664 0.774240013331472 
46 : 7, 0.6707074967118748 0.6805728259682577 0.7032167726037606 0.7089387615714805 0.7400726977752583 0.7402386558598594 0.7528798869889989 
47 : 4, 0.6678080188464027 0.6868338456483333 0.7205883048624071 0.7402779224582471 
48 : 2, 0.7204952851315513 0.73310949266753 
49 : 5, 0.7097901625554702 0.7197931781732699 0.742664411681117 0.7589167437408137 0.7919894545446617 
50 : 11, -0.3198884180471492 0.21817735493314297 0.42247321046537184 0.46015029175178856 0.4949025948855408 0.5359986254730411 0.5936039893747677 0.5991871206377037 0.6065236759410247 0.6143336685480112 0.6545728123480153 
51 : 3, 0.5179583844415884 0.5667469038659282 0.5673375692008538 
52 : 5, 0.6778239599850311 0.7103675293870054 0.7106765190661983 0.7174812285936313 0.7399414795961968 
53 : 2, 0.7442574750430124 0.7518981204905213 
54 : 5, 0.6934753459958171 0.7101430868959292 0.7424061374563654 0.7524642888319608 0.7617046942354453 
55 : 2, 0.11005167217283138 0.6963775580447389 
56 : 3, 0.07657146656466902 0.6645083795467867 0.722104478484565 
57 : 1, 0.0 
58 : 3, 0.7139369267114705 0.7222706997096501 0.7444796856752603 
59 : 1, 0.0 
60 : 5, 0.6504848008237132 0.7093475291077158 0.7230049707225369 0.7248389517499108 0.7342777816491907 
61 : 6, -0.04222539688743666 0.7009876283683834 0.704535750345664 0.7224899493090431 0.7287009771952322 0.7326881417508825 
62 : 2, 0.8148178972049582 0.8163237612099643 
63 : 1, 0.0 
64 : 1, 0.0 
65 : 2, -0.04283941485864577 0.6742153739008921 
66 : 9, 0.051109014265696404 0.6496296205103608 0.6538699975453596 0.6604480517665555 0.6785536476533869 0.6801505379392925 0.7162440598903927 0.7272897872597865 0.750463179418784 
67 : 2, -0.05964497041420136 -0.02521684382735621 
68 : 4, 0.6661450348545875 0.7065442017824105 0.737150185484419 0.7466192754064397 
69 : 6, 0.5728096905068202 0.6660016275790164 0.6882009759368629 0.7021089284671672 0.707360456725744 0.7128920732121863 
70 : 1, 0.0 
71 : 2, 0.716812398359549 0.7576689911628018 
72 : 1, 0.0 
73 : 1, 0.0 
74 : 1, 0.0 
75 : 3, 0.6552752225946665 0.7235371648453207 0.7260130853015275 
76 : 2, 0.7102154165020917 0.7639642381751667 
77 : 6, 0.6291262901688812 0.6509208231801257 0.700977688535047 0.7073547012920874 0.7105954472328537 0.7204089366874079 
78 : 2, 0.69998903829108 0.7748527108193208 
79 : 4, 0.09742068117864693 0.584603078604055 0.6078063848027816 0.7399978178338028 
80 : 7, 0.6564566749390097 0.7128332136953659 0.7256836423428845 0.7324078748417249 0.7381089779680771 0.7626569675942704 0.7629595751994855 
81 : 5, 0.6689626404250499 0.7024488834827994 0.7082926832827908 0.7421631404333021 0.7467812478981107 
82 : 2, 0.684348847339428 0.7586072539830634 
83 : 1, 0.0 
84 : 1, 0.0 
85 : 3, 0.6718445577149567 0.6938954345993046 0.6977115247712186 
86 : 3, 0.12245650993539842 0.5637056971285962 0.682082029371409 
87 : 5, 0.71844778531285 0.7187813129807182 0.7265541902027518 0.7307897160848876 0.7460236910255623 
88 : 5, 0.5987442361925965 0.6073315471691767 0.6191409705468968 0.6210297660030258 0.632479367229834 
89 : 1, 0.0 
90 : 3, 0.689032798743011 0.6902622359506929 0.6911642020834327 
